101 3692
102 4193
103 3841
104 4079
105 4359
106 3766
107 3769
108 4207
109 3662
110 4209
111 3776
112 4189
113 3668
114 3882
115 3898
116 3833
117 3832
118 3725
119 3651
120 4736
121 3566
122 3711
123 3665
124 3642
125 4298
126 4002
127 3562
128 3808
129 3515
130 3955
131 3340
132 3925
133 3345
134 3363
135 3859
136 3649
137 3339
138 3557
139 3272
140 4108
141 3339
142 3364
143 3266
144 3668
145 3365
146 3334
147 3439
148 3250
149 3008
150 4374
151 2957
152 3448
153 3314
154 3201
155 3369
156 3409
157 3118
158 3134
159 3102
160 3780
161 3043
162 3414
163 2855
164 3132
165 3554
166 2987
167 2979
168 3510
169 2864
170 3500
171 3057
172 3140
173 2840
174 2960
175 3536
176 3099
177 3113
178 2950
179 2748
180 3879
181 2647
182 3023
183 2800
184 2912
185 2996
186 2871
187 2778
188 2808
189 2905
190 3204
191 2601
192 3222
193 2641
194 2625
195 3182
196 2833
197 2648
198 2959
199 2353
200 3598
201 2418
202 2549
203 2522
204 2831
205 2682
206 2394
207 2623
208 2743
209 2389
210 3485
211 2310
212 2557
213 2397
214 2258
215 2566
216 2808
217 2291
218 2272
219 2065
220 2978
221 2290
222 2530
223 2278
224 2609
225 3307
226 2141
227 2320
228 2556
229 1930
230 2737
231 2222
232 2289
233 2091
234 2473
235 2513
236 2177
237 2208
238 2301
239 1934
240 3350
241 1987
242 2233
243 2177
244 2029
245 2438
246 2141
247 2099
248 2288
249 1999
250 3225
251 1965
252 2757
253 2056
254 1897
255 2667
256 2175
257 1964
258 2275
259 1974
260 2785
261 1948
262 1947
263 1802
264 2210
265 2424
266 2138
267 2142
268 2083
269 1789
270 2987
271 1768
272 2195
273 2151
274 1811
275 2620
276 2154
277 1966
278 1919
279 1908
280 2797
281 1740
282 2031
283 1897
284 1921
285 2558
286 1772
287 1763
288 2295
289 1730
290 2392
291 1823
292 1880
293 1699
294 1979
295 2206
296 1812
297 2031
298 1803
299 1710
300 3350
301 1719
302 1853
303 1880
304 1793
305 2105
306 1977
307 1638
308 1988
309 1675
310 2380
311 1582
312 2109
313 1689
314 1511
315 2642
316 1792
317 1782
318 1897
319 1649
320 2503
321 1683
322 1879
323 1829
324 2072
325 2458
326 1607
327 1858
328 1824
329 1568
330 2575
331 1537
332 1811
333 1815
334 1691
335 2255
336 2024
337 1581
338 1689
339 1601
340 2551
341 1617
342 1997
343 1738
344 1652
345 2238
346 1518
347 1626
348 1855
349 1454
350 2737
351 1680
352 1832
353 1562
354 1560
355 1956
356 1567
357 1835
358 1703
359 1506
360 2997
361 1463
362 1610
363 1644
364 1746
365 2044
366 1559
367 1547
368 1731
369 1494
370 2063
371 1425
372 1777
373 1610
374 1581
375 2764
376 1599
377 1561
378 1932
379 1301
380 2230
381 1459
382 1542
383 1518
384 1850
385 2174
386 1415
387 1617
388 1606
389 1372
390 2419
391 1472
392 1800
393 1540
394 1432
395 1861
396 1794
397 1513
398 1561
399 1611
400 2821
401 1497
402 1750
403 1599
404 1392
405 2234
406 1500
407 1425
408 1904
409 1461
410 2114
411 1348
412 1583
413 1538
414 1670
415 2051
416 1776
417 1672
418 1690
419 1492
420 2708
421 1408
422 1543
423 1690
424 1653
425 2302
426 1555
427 1587
428 1699
429 1549
430 1985
431 1473
432 2034
433 1598
434 1683
435 2140
436 1520
437 1477
438 1604
439 1413
440 2340
441 1670
442 1604
443 1439
444 1623
445 1873
446 1360
447 1575
448 1865
449 1427
450 2923
451 1467
452 1569
453 1575
454 1418
455 2007
456 1678
457 1424
458 1495
459 1614
460 2274
461 1329
462 1755
463 1525
464 1628
465 2237
466 1611
467 1603
468 1900
469 1561
470 2118
471 1395
472 1683
473 1611
474 1540
475 2292
476 1793
477 1702
478 1627
479 1451
480 2692
481 1560
482 1644
483 1756
484 1680
485 2021
486 1754
487 1507
488 1698
489 1499
490 2284
491 1587
492 1818
493 1655
494 1600
495 2312
496 1689
497 1664
498 1761
499 1510
500 2914
501 1577
502 1684
503 1636
504 2081
505 1956
506 1590
507 1696
508 1746
509 1539
510 2498
511 1587
512 1762
513 1785
514 1503
515 1948
516 1710
517 1630
518 1728
519 1515
520 2260
521 1431
522 1816
523 1642
524 1652
525 2664
526 1489
527 1655
528 1938
529 1416
530 2076
531 1524
532 1811
533 1659
534 1613
535 1984
536 1607
537 1626
538 1602
539 1492
540 2758
541 1547
542 1592
543 1622
544 1764
545 1933
546 1662
547 1553
548 1671
549 1663
550 2579
551 1531
552 1919
553 1573
554 1438
555 1975
556 1537
557 1604
558 1835
559 1601
560 2517
561 1500
562 1530
563 1585
564 1749
565 2026
566 1566
567 1814
568 1722
569 1521
570 2243
571 1463
572 1755
573 1698
574 1650
575 2255
576 1886
577 1613
578 1706
579 1481
580 2150
581 1584
582 1758
583 1647
584 1716
585 2292
586 1507
587 1568
588 1862
589 1527
590 2004
591 1427
592 1709
593 1475
594 1762
595 1945
596 1505
597 1614
598 1650
599 1525
600 3029
601 1489
602 1745
603 1686
604 1510
605 1812
606 1517
607 1479
608 1734
609 1486
610 1971
611 1521
612 1825
613 1612
614 1571
615 2132
616 1825
617 1653
618 1766
619 1567
620 2098
621 1587
622 1664
623 1649
624 1742
625 2430
626 1513
627 1770
628 1632
629 1569
630 2567
631 1550
632 1773
633 1660
634 1602
635 1939
636 1627
637 1539
638 1512
639 1438
640 2308
641 1542
642 1654
643 1490
644 1653
645 2002
646 1473
647 1540
648 1934
649 1493
650 2493
651 1579
652 1612
653 1463
654 1505
655 1765
656 1587
657 1633
658 1718
659 1490
660 2500
661 1373
662 1478
663 1543
664 1581
665 2001
666 1669
667 1504
668 1563
669 1429
670 1946
671 1424
672 1970
673 1470
674 1360
675 2365
676 1539
677 1565
678 1645
679 1456
680 2148
681 1390
682 1565
683 1538
684 1800
685 1819
686 1449
687 1514
688 1611
689 1426
690 2173
691 1420
692 1533
693 1649
694 1444
695 1707
696 1607
697 1569
698 1539
699 1460
700 2556
701 1412
702 1763
703 1542
704 1603
705 1873
706 1387
707 1542
708 1587
709 1432
710 1868
711 1435
712 1471
713 1397
714 1572
715 1897
716 1504
717 1563
718 1491
719 1456
720 2550
721 1432
722 1509
723 1498
724 1423
725 1980
726 1397
727 1381
728 1619
729 1400
730 1782
731 1415
732 1606
733 1476
734 1406
735 2044
736 1472
737 1358
738 1558
739 1279
740 1949
741 1422
742 1450
743 1312
744 1494
745 1667
746 1334
747 1463
748 1536
749 1362
750 2805
751 1270
752 1531
753 1398
754 1301
755 1713
756 1703
757 1343
758 1327
759 1378
760 2046
761 1254
762 1376
763 1304
764 1282
765 2026
766 1356
767 1446
768 1613
769 1292
770 1961
771 1313
772 1432
773 1352
774 1359
775 1887
776 1280
777 1416
778 1337
779 1281
780 2054
781 1201
782 1441
783 1452
784 1550
785 1671
786 1303
787 1292
788 1289
789 1221
790 1694
791 1271
792 1633
793 1228
794 1127
795 1619
796 1273
797 1259
798 1480
799 1227
800 2344
801 1271
802 1336
803 1272
804 1271
805 1570
806 1164
807 1247
808 1385
809 1160
810 2096
811 1148
812 1315
813 1240
814 1197
815 1576
816 1526
817 1258
818 1188
819 1306
820 1666
821 1090
822 1299
823 1220
824 1165
825 2121
826 1236
827 1267
828 1498
829 1048
830 1598
831 1163
832 1359
833 1319
834 1260
835 1504
836 1203
837 1261
838 1105
839 977
840 2450
841 1141
842 1255
843 1216
844 1118
845 1462
846 1181
847 1130
848 1257
849 1044
850 2145
851 1126
852 1293
853 1086
854 1054
855 1631
856 1108
857 1109
858 1309
859 1120
860 1730
861 996
862 1059
863 1037
864 1384
865 1421
866 1146
867 1216
868 1202
869 1034
870 1692
871 1030
872 1160
873 1141
874 1015
875 1888
876 1155
877 1182
878 1108
879 997
880 1778
881 1008
882 1309
883 1131
884 1216
885 1538
886 980
887 1014
888 1175
889 981
890 1536
891 1187
892 1036
893 978
894 941
895 1280
896 1231
897 1108
898 1103
899 1023
900 2524
901 1032
902 1070
903 1084
904 1010
905 1269
906 960
907 967
908 1020
909 1021
910 1677
911 885
912 1254
913 1000
914 934
915 1518
916 1122
917 1158
918 1266
919 983
920 1555
921 909
922 1000
923 997
924 1240
925 1581
926 884
927 1075
928 1158
929 886
930 1564
931 1029
932 1074
933 1120
934 1007
935 1494
936 1173
937 874
938 984
939 787
940 1513
941 968
942 1071
943 945
944 979
945 1600
946 819
947 904
948 1087
949 904
950 1884
951 868
952 1167
953 887
954 926
955 1164
956 845
957 976
958 898
959 912
960 1948
961 780
962 932
963 919
964 840
965 1225
966 1131
967 1002
968 985
969 974
970 1219
971 876
972 1123
973 915
974 804
975 1740
976 923
977 891
978 976
979 825
980 1559
981 950
982 949
983 969
984 1132
985 1282
986 833
987 967
988 927
989 786
990 1859
991 830
992 1080
993 863
994 940
995 1108
996 968
997 912
998 945
999 844
